title = 平面三角形常应变单元

材料信息:
E = 20000000000.0 , nu = 0.3

===============nodal displacements===============
nodes label   U1 U2 
  1.0000e+00   -7.5000e-09    2.5000e-08  
  2.0000e+00   -7.5000e-09    5.0000e-08  
  3.0000e+00   -3.7500e-09    2.5000e-08  
  4.0000e+00    8.6347e-24    2.5000e-08  
  5.0000e+00   -5.4451e-24    1.3075e-15  
  6.0000e+00   -3.7500e-09    2.6149e-15  
  7.0000e+00   -7.5000e-09    1.3075e-15  
  8.0000e+00   -3.7500e-09    5.0000e-08  
  9.0000e+00   -3.1897e-24    5.0000e-08  


===============nodal forces===============
nodes label   RF1 RF2 
  1.0000e+00    2.8422e-14    1.1369e-13  
  2.0000e+00    4.2633e-14    1.2500e+02  
  3.0000e+00    0.0000e+00   -1.1369e-13  
  4.0000e+00   -8.2552e-07    1.1369e-13  
  5.0000e+00    5.2057e-07   -1.2500e+02  
  6.0000e+00   -2.8422e-14   -2.5000e+02  
  7.0000e+00   -4.2633e-14   -1.2500e+02  
  8.0000e+00    0.0000e+00    2.5000e+02  
  9.0000e+00    3.0495e-07    1.2500e+02  


===============element stresses===============
element label   Sxx Syy Sxy 
  1.0000e+00   -2.3406e-07    1.0000e+02   -3.5669e-07  
  2.0000e+00    4.8326e-07    1.0000e+02    5.3027e-07  
  3.0000e+00   -3.7882e-07    1.0000e+02   -4.1175e-06  
  4.0000e+00    1.4315e-07    1.0000e+02    1.4695e-07  
  5.0000e+00   -4.7336e-07    1.0000e+02    3.9284e-06  
  6.0000e+00    4.3453e-07    1.0000e+02   -7.5763e-07  
  7.0000e+00    1.7834e-07    1.0000e+02   -7.6571e-08  
  8.0000e+00   -1.5306e-07    1.0000e+02    5.3027e-07  


===============element strains===============
element label   Exx Eyy Exy 
  1.0000e+00   -1.5000e-09    5.0000e-09   -4.6369e-17  
  2.0000e+00   -1.5000e-09    5.0000e-09    6.8935e-17  
  3.0000e+00   -1.5000e-09    5.0000e-09   -5.3528e-16  
  4.0000e+00   -1.5000e-09    5.0000e-09    1.9104e-17  
  5.0000e+00   -1.5000e-09    5.0000e-09    5.1070e-16  
  6.0000e+00   -1.5000e-09    5.0000e-09   -9.8492e-17  
  7.0000e+00   -1.5000e-09    5.0000e-09   -9.9543e-18  
  8.0000e+00   -1.5000e-09    5.0000e-09    6.8935e-17  


